4LP7 B c    1   171 67  76  205 81  91  2.98    3.11    39  0
4HI6 C b    1   85  34  63  103 41  76  3.03    3.23    6   0 fuzzy
4LDD B b    1   92  36  41  116 46  51  3.36    3.59    13  0 fuzzy
1H2D A b    1   86  34  70  97  38  80  2.44    2.52    9   0
1H2C A b    1   86  34  69  97  38  78  2.48    2.57    9   0
1ES6 A c    1   92  36  35  141 56  54  4.57    4.98    6   4 fuzzy
4LDI A b    1   96  38  39  121 48  50  3.37    3.61    8   1 fuzzy
4LDM A b    1   86  34  72  97  38  81  2.45    2.54    9   0
4HIU A b    1   85  34  65  100 39  76  2.79    2.99    6   0 fuzzy
3F1J A b    1   86  34  62  102 40  73  2.85    3.05    6   0 fuzzy
4HI5 A b    1   82  32  61  93  37  69  2.48    2.60    6   0
4HIW A b    1   84  33  62  100 39  74  2.88    3.08    6   0 fuzzy
4HIY A b    1   87  34  65  101 40  76  2.75    2.93    6   0 fuzzy
4LD8 A c    1   79  31  34  103 41  44  3.56    3.81    9   0
4HIT C b    1   80  31  64  90  35  73  2.44    2.55    7   0
3TCQ A b    1   76  30  32  86  34  36  2.46    2.56    15  0
4LDB C b    1   95  37  40  122 48  51  3.50    3.70    11  0 fuzzy
4G1L B c    1   202 80  61  236 93  71  2.75    2.85    7   0
4G1G B b    1   199 78  56  234 92  66  2.82    2.94    8   0
4G1O B b    1   199 78  61  232 91  71  2.73    2.84    7   0
